[Variables]
Color0=255,0,0,([#MinAlpha] + ([#MaxAlpha] - [#MinAlpha])*[MeasureBand0])
Color1=255,21.166666666667,0,([#MinAlpha] + ([#MaxAlpha] - [#MinAlpha])*[MeasureBand1])
Color2=255,42.333333333333,0,([#MinAlpha] + ([#MaxAlpha] - [#MinAlpha])*[MeasureBand2])
Color3=255,63.5,0,([#MinAlpha] + ([#MaxAlpha] - [#MinAlpha])*[MeasureBand3])
Color4=255,84.666666666667,0,([#MinAlpha] + ([#MaxAlpha] - [#MinAlpha])*[MeasureBand4])
Color5=255,105.83333333333,0,([#MinAlpha] + ([#MaxAlpha] - [#MinAlpha])*[MeasureBand5])
Color6=255,127,0,([#MinAlpha] + ([#MaxAlpha] - [#MinAlpha])*[MeasureBand6])
Color7=255,130,0,([#MinAlpha] + ([#MaxAlpha] - [#MinAlpha])*[MeasureBand7])
Color8=255,133,0,([#MinAlpha] + ([#MaxAlpha] - [#MinAlpha])*[MeasureBand8])
Color9=255,136,0,([#MinAlpha] + ([#MaxAlpha] - [#MinAlpha])*[MeasureBand9])
Color10=255,139,0,([#MinAlpha] + ([#MaxAlpha] - [#MinAlpha])*[MeasureBand10])
Color11=255,142,0,([#MinAlpha] + ([#MaxAlpha] - [#MinAlpha])*[MeasureBand11])
Color12=255,145,0,([#MinAlpha] + ([#MaxAlpha] - [#MinAlpha])*[MeasureBand12])
Color13=252.16666666667,163.33333333333,0,([#MinAlpha] + ([#MaxAlpha] - [#MinAlpha])*[MeasureBand13])
Color14=249.33333333333,181.66666666667,0,([#MinAlpha] + ([#MaxAlpha] - [#MinAlpha])*[MeasureBand14])
Color15=246.5,200,0,([#MinAlpha] + ([#MaxAlpha] - [#MinAlpha])*[MeasureBand15])
Color16=243.66666666667,218.33333333333,0,([#MinAlpha] + ([#MaxAlpha] - [#MinAlpha])*[MeasureBand16])
Color17=240.83333333333,236.66666666667,0,([#MinAlpha] + ([#MaxAlpha] - [#MinAlpha])*[MeasureBand17])
Color18=238,255,0,([#MinAlpha] + ([#MaxAlpha] - [#MinAlpha])*[MeasureBand18])
Color19=206.83333333333,253.33333333333,4.8333333333333,([#MinAlpha] + ([#MaxAlpha] - [#MinAlpha])*[MeasureBand19])
Color20=175.66666666667,251.66666666667,9.6666666666667,([#MinAlpha] + ([#MaxAlpha] - [#MinAlpha])*[MeasureBand20])
Color21=144.5,250,14.5,([#MinAlpha] + ([#MaxAlpha] - [#MinAlpha])*[MeasureBand21])
Color22=113.33333333333,248.33333333333,19.333333333333,([#MinAlpha] + ([#MaxAlpha] - [#MinAlpha])*[MeasureBand22])
Color23=82.166666666667,246.66666666667,24.166666666667,([#MinAlpha] + ([#MaxAlpha] - [#MinAlpha])*[MeasureBand23])
Color24=51,245,29,([#MinAlpha] + ([#MaxAlpha] - [#MinAlpha])*[MeasureBand24])
Color25=45.666666666667,231.16666666667,56.5,([#MinAlpha] + ([#MaxAlpha] - [#MinAlpha])*[MeasureBand25])
Color26=40.333333333333,217.33333333333,84,([#MinAlpha] + ([#MaxAlpha] - [#MinAlpha])*[MeasureBand26])
Color27=35,203.5,111.5,([#MinAlpha] + ([#MaxAlpha] - [#MinAlpha])*[MeasureBand27])
Color28=29.666666666667,189.66666666667,139,([#MinAlpha] + ([#MaxAlpha] - [#MinAlpha])*[MeasureBand28])
Color29=24.333333333333,175.83333333333,166.5,([#MinAlpha] + ([#MaxAlpha] - [#MinAlpha])*[MeasureBand29])
Color30=19,162,194,([#MinAlpha] + ([#MaxAlpha] - [#MinAlpha])*[MeasureBand30])
Color31=17.1,151.4,197,([#MinAlpha] + ([#MaxAlpha] - [#MinAlpha])*[MeasureBand31])
Color32=15.2,140.8,200,([#MinAlpha] + ([#MaxAlpha] - [#MinAlpha])*[MeasureBand32])
Color33=13.3,130.2,203,([#MinAlpha] + ([#MaxAlpha] - [#MinAlpha])*[MeasureBand33])
Color34=11.4,119.6,206,([#MinAlpha] + ([#MaxAlpha] - [#MinAlpha])*[MeasureBand34])
Color35=9.5,109,209,([#MinAlpha] + ([#MaxAlpha] - [#MinAlpha])*[MeasureBand35])
Color36=7.6,98.4,212,([#MinAlpha] + ([#MaxAlpha] - [#MinAlpha])*[MeasureBand36])
Color37=5.7,87.8,215,([#MinAlpha] + ([#MaxAlpha] - [#MinAlpha])*[MeasureBand37])
Color38=3.8,77.2,218,([#MinAlpha] + ([#MaxAlpha] - [#MinAlpha])*[MeasureBand38])
Color39=1.9,66.6,221,([#MinAlpha] + ([#MaxAlpha] - [#MinAlpha])*[MeasureBand39])