[Variables]
Color0=17,186,181
Color1=22.578947368421,181.15789473684,183.84210526316
Color2=28.157894736842,176.31578947368,186.68421052632
Color3=33.736842105263,171.47368421053,189.52631578947
Color4=39.315789473684,166.63157894737,192.36842105263
Color5=44.894736842105,161.78947368421,195.21052631579
Color6=50.473684210526,156.94736842105,198.05263157895
Color7=56.052631578947,152.10526315789,200.89473684211
Color8=61.631578947368,147.26315789474,203.73684210526
Color9=67.210526315789,142.42105263158,206.57894736842
Color10=72.789473684211,137.57894736842,209.42105263158
Color11=78.368421052632,132.73684210526,212.26315789474
Color12=83.947368421053,127.89473684211,215.10526315789
Color13=89.526315789474,123.05263157895,217.94736842105
Color14=95.105263157895,118.21052631579,220.78947368421
Color15=100.68421052632,113.36842105263,223.63157894737
Color16=106.26315789474,108.52631578947,226.47368421053
Color17=111.84210526316,103.68421052632,229.31578947368
Color18=117.42105263158,98.842105263158,232.15789473684