[Variables]
Color0=0,56,224,[#MaxAlpha]
Color1=1.2666666666667,63.066666666667,222,[#MaxAlpha]
Color2=2.5333333333333,70.133333333333,220,[#MaxAlpha]
Color3=3.8,77.2,218,[#MaxAlpha]
Color4=5.0666666666667,84.266666666667,216,[#MaxAlpha]
Color5=6.3333333333333,91.333333333333,214,[#MaxAlpha]
Color6=7.6,98.4,212,[#MaxAlpha]
Color7=8.8666666666667,105.46666666667,210,[#MaxAlpha]
Color8=10.133333333333,112.53333333333,208,[#MaxAlpha]
Color9=11.4,119.6,206,[#MaxAlpha]
Color10=12.666666666667,126.66666666667,204,[#MaxAlpha]
Color11=13.933333333333,133.73333333333,202,[#MaxAlpha]
Color12=15.2,140.8,200,[#MaxAlpha]
Color13=16.466666666667,147.86666666667,198,[#MaxAlpha]
Color14=17.733333333333,154.93333333333,196,[#MaxAlpha]
Color15=19,162,194,[#MaxAlpha]
Color16=21.133333333333,167.53333333333,183,[#MaxAlpha]
Color17=23.266666666667,173.06666666667,172,[#MaxAlpha]
Color18=25.4,178.6,161,[#MaxAlpha]
Color19=27.533333333333,184.13333333333,150,[#MaxAlpha]
Color20=29.666666666667,189.66666666667,139,[#MaxAlpha]
Color21=31.8,195.2,128,[#MaxAlpha]
Color22=33.933333333333,200.73333333333,117,[#MaxAlpha]
Color23=36.066666666667,206.26666666667,106,[#MaxAlpha]
Color24=38.2,211.8,95,[#MaxAlpha]
Color25=40.333333333333,217.33333333333,84,[#MaxAlpha]
Color26=42.466666666667,222.86666666667,73,[#MaxAlpha]
Color27=44.6,228.4,62,[#MaxAlpha]
Color28=46.733333333333,233.93333333333,51,[#MaxAlpha]
Color29=48.866666666667,239.46666666667,40,[#MaxAlpha]