[Variables]
Color0=148,0,211
Color1=133.4,0,194.8
Color2=118.8,0,178.6
Color3=104.2,0,162.4
Color4=89.6,0,146.2
Color5=75,0,130
Color6=60,0,155
Color7=45,0,180
Color8=30,0,205
Color9=15,0,230
Color10=0,0,255
Color11=0,51,204
Color12=0,102,153
Color13=0,153,102
Color14=0,204,51
Color15=0,255,0
Color16=51,255,0
Color17=102,255,0
Color18=153,255,0
Color19=204,255,0
Color20=255,255,0
Color21=255,229.4,0
Color22=255,203.8,0
Color23=255,178.2,0
Color24=255,152.6,0
Color25=255,127,0
Color26=255,108.85714285714,0
Color27=255,90.714285714286,0
Color28=255,72.571428571429,0
Color29=255,54.428571428571,0
Color30=255,36.285714285714,0
Color31=255,18.142857142857,0