[Variables]
Color0=17,186,181
Color1=18.709677419355,184.51612903226,181.87096774194
Color2=20.41935483871,183.03225806452,182.74193548387
Color3=22.129032258065,181.54838709677,183.61290322581
Color4=23.838709677419,180.06451612903,184.48387096774
Color5=25.548387096774,178.58064516129,185.35483870968
Color6=27.258064516129,177.09677419355,186.22580645161
Color7=28.967741935484,175.61290322581,187.09677419355
Color8=30.677419354839,174.12903225806,187.96774193548
Color9=32.387096774194,172.64516129032,188.83870967742
Color10=34.096774193548,171.16129032258,189.70967741935
Color11=35.806451612903,169.67741935484,190.58064516129
Color12=37.516129032258,168.1935483871,191.45161290323
Color13=39.225806451613,166.70967741935,192.32258064516
Color14=40.935483870968,165.22580645161,193.1935483871
Color15=42.645161290323,163.74193548387,194.06451612903
Color16=44.354838709677,162.25806451613,194.93548387097
Color17=46.064516129032,160.77419354839,195.8064516129
Color18=47.774193548387,159.29032258065,196.67741935484
Color19=49.483870967742,157.8064516129,197.54838709677
Color20=51.193548387097,156.32258064516,198.41935483871
Color21=52.903225806452,154.83870967742,199.29032258065
Color22=54.612903225806,153.35483870968,200.16129032258
Color23=56.322580645161,151.87096774194,201.03225806452
Color24=58.032258064516,150.38709677419,201.90322580645
Color25=59.741935483871,148.90322580645,202.77419354839
Color26=61.451612903226,147.41935483871,203.64516129032
Color27=63.161290322581,145.93548387097,204.51612903226
Color28=64.870967741935,144.45161290323,205.38709677419
Color29=66.58064516129,142.96774193548,206.25806451613
Color30=68.290322580645,141.48387096774,207.12903225806
Color31=70,140,208
Color32=71.709677419355,138.51612903226,208.87096774194
Color33=73.41935483871,137.03225806452,209.74193548387
Color34=75.129032258065,135.54838709677,210.61290322581
Color35=76.838709677419,134.06451612903,211.48387096774
Color36=78.548387096774,132.58064516129,212.35483870968
Color37=80.258064516129,131.09677419355,213.22580645161
Color38=81.967741935484,129.61290322581,214.09677419355
Color39=83.677419354839,128.12903225806,214.96774193548
Color40=85.387096774194,126.64516129032,215.83870967742
Color41=87.096774193548,125.16129032258,216.70967741935
Color42=88.806451612903,123.67741935484,217.58064516129
Color43=90.516129032258,122.1935483871,218.45161290323
Color44=92.225806451613,120.70967741935,219.32258064516
Color45=93.935483870968,119.22580645161,220.1935483871
Color46=95.645161290323,117.74193548387,221.06451612903
Color47=97.354838709677,116.25806451613,221.93548387097
Color48=99.064516129032,114.77419354839,222.8064516129
Color49=100.77419354839,113.29032258065,223.67741935484
Color50=102.48387096774,111.8064516129,224.54838709677
Color51=104.1935483871,110.32258064516,225.41935483871
Color52=105.90322580645,108.83870967742,226.29032258065
Color53=107.61290322581,107.35483870968,227.16129032258
Color54=109.32258064516,105.87096774194,228.03225806452
Color55=111.03225806452,104.38709677419,228.90322580645
Color56=112.74193548387,102.90322580645,229.77419354839
Color57=114.45161290323,101.41935483871,230.64516129032
Color58=116.16129032258,99.935483870968,231.51612903226
Color59=117.87096774194,98.451612903226,232.38709677419
Color60=119.58064516129,96.967741935484,233.25806451613
Color61=121.29032258065,95.483870967742,234.12903225806