[Variables]
Color0=48,178,130
Color1=56.333333333333,168.66666666667,141.66666666667
Color2=64.666666666667,159.33333333333,153.33333333333
Color3=73,150,165
Color4=81.333333333333,140.66666666667,176.66666666667
Color5=89.666666666667,131.33333333333,188.33333333333
Color6=98,122,200
Color7=106.33333333333,112.66666666667,211.66666666667
Color8=114.66666666667,103.33333333333,223.33333333333